734 56 892 415 267 943 128 679 301 850
182 597 364 809 245 716 438 971 653 90
527 864 139 682 354 791 406 938 275 613
748 195 862 329 574 901 487 630 152 789
316 853 490 727 164 598 831 945 208 675
941 78 625 372 859 204 536 783 417 690
253 718 465 932 187 649 374 801 528 965
842 109 576 323 758 195 630 887 454 721
389 654 927 160 493 736 281 548 915 672
247 810 573 136 699 352 789 424 861 508
175 642 319 856 403 970 235 768 541 914
682 149 526 873 290 657 934 481 718 355
802 467 194 739 356 823 570 917 284 651
428 795 162 539 876 213 684 957 320 747
593 260 735 128 471 804 357 920 685 242
819 376 943 508 671 234 897 450 723 186
954 621 288 755 422 789 156 533 870 317
485 752 119 586 243 709 372 835 498 661
278 645 912 579 236 703 468 821 354 987
130 567 894 251 618 375 742 909 486 653
921 784 157 530 863 296 649 412 775 338
204 679 452 815 368 731 594 857 220 983
546 913 280 647 174 501 768 435 892 359
817 494 161 628 295 762 429 876 543 910
382 719 256 603 870 147 524 781 458 935
691 324 957 580 213 746 379 802 465 128
834 197 560 923 286 659 412 745 578 201
469 732 105 658 391 824 257 610 873 346
712 485 178 541 906 263 638 971 324 757
890 153 526 789 342 615 978 431 694 267
548 911 274 637 190 563 728 395 862 509
176 643 310 857 424 791 358 925 682 249
813 476 139 502 765 228 591 854 327 980
452 719 184 547 910 273 636 899 364 721
985 658 231 794 367 820 493 756 129 582
215 678 341 804 479 932 165 598 823 456
739 192 565 828 351 714 487 950 623 276
894 567 230 693 356 729 412 875 548 911
382 745 108 571 934 267 630 783 456 819
291 654 927 160 493 736 281 548 915 672
247 810 573 136 699 352 789 424 861 508
175 642 319 856 403 970 235 768 541 914
682 149 526 873 290 657 934 481 718 355
802 467 194 739 356 823 570 917 284 651
428 795 162 539 876 213 684 957 320 747
593 260 735 128 471 804 357 920 685 242
819 376 943 508 671 234 897 450 723 186
954 621 288 755 422 789 156 533 870 317
485 752 119 586 243 709 372 835 498 661
278 645 912 579 236 703 468 821 354 987